# Sequence Length (log)
3.4012
# alignment-count (log)
4.890349
# effective-alignment-count (log)
2.545699
# Relative 'e' count
0.53
# Relative 'H' count
0.47
# Relative 'E' count
0.10
# AA composition
0.033
0.033
0.000
0.067
0.100
0.100
0.067
0.000
0.033
0.133
0.000
0.033
0.033
0.033
0.033
0.033
0.067
0.100
0.000
0.100
# Atchley factors
0.11 0.00 0.72 0.72 0.53 0.10 0.42 0.30 0.35 0.53 0.10 0.00 0.85 0.24 0.10 0.51 0.10 0.00 0.00 0.30 0.85 0.91 0.30 0.11 0.11 0.51 0.41 0.48 1.00 0.41
0.26 0.35 0.65 0.37 0.31 0.15 0.42 0.88 0.81 0.31 0.15 0.35 0.02 0.06 0.15 0.65 0.15 0.35 0.55 0.88 0.02 0.41 0.88 0.26 0.26 0.65 0.51 1.00 0.27 0.51
0.85 0.54 0.77 0.22 0.39 0.41 0.61 0.78 0.00 0.39 0.41 0.54 0.79 0.51 0.41 1.00 0.41 0.54 0.50 0.78 0.79 0.80 0.78 0.85 0.85 1.00 0.89 0.40 0.67 0.89
0.47 0.91 0.53 0.44 0.18 0.92 0.58 0.86 0.76 0.18 0.92 0.91 0.61 1.00 0.92 0.35 0.92 0.91 0.30 0.86 0.61 0.69 0.86 0.47 0.47 0.35 0.82 0.69 0.50 0.82
0.60 0.32 0.68 0.23 0.52 0.38 0.53 0.86 0.10 0.52 0.38 0.32 0.39 0.50 0.38 0.77 0.38 0.32 0.49 0.86 0.39 1.00 0.86 0.60 0.60 0.77 0.74 0.30 0.80 0.74
# Secondary Structure
0 0 0 0 0 0 0 0 1 1 1 1 1 1 1 1 1 1 1 1 1 1 0 0 0 0 0 0 0 0
0 0 0 0 0 0 0 0 0 0 0 0 0 0 0 0 0 0 0 0 0 0 0 1 1 1 0 0 0 0
1 1 1 1 1 1 1 1 0 0 0 0 0 0 0 0 0 0 0 0 0 0 1 0 0 0 1 1 1 1
# Solvent accessibility
1 1 1 1 1 0 0 0 1 1 0 0 1 0 0 0 0 0 0 0 1 1 0 0 0 0 1 1 1 1
# PSSM inf feature
0.0900 0.0450 0.1017 0.1183 0.1683 0.1000 0.0000 0.2017 0.0933 0.1717 0.1000 0.0883 0.1300 0.0850 0.1000 0.1617 0.0600 0.0717 0.2817 0.1667 0.1100 0.0983 0.2017 0.1633 0.1433 0.1783 0.0283 0.3167 0.0733 0.0567
# PSSM
0.1192 0.8808 0.2689 0.2689 0.1192 0.1192 0.2689 0.5000 0.7311 0.1192 0.1192 0.2689 0.1192 0.9933 0.1192 0.1192 0.2689 0.5000 0.2689 0.5000 0.2689 0.1192 0.5000 0.0474 0.0474 0.1192 0.5000 0.2689 0.2689 0.8808
0.0474 0.1192 0.2689 0.9526 0.7311 0.0474 0.2689 0.0474 0.2689 0.2689 0.0474 0.0474 0.2689 0.1192 0.0474 0.1192 0.1192 0.0474 0.0180 0.2689 0.2689 0.9933 0.0474 0.0474 0.0474 0.1192 0.2689 0.1192 0.8808 0.2689
0.0180 0.1192 0.9975 0.5000 0.5000 0.0180 0.2689 0.2689 0.5000 0.7311 0.0180 0.0474 0.5000 0.1192 0.0180 0.1192 0.0474 0.0474 0.0474 0.2689 0.7311 0.7311 0.2689 0.0180 0.0180 0.0474 0.9526 0.2689 0.7311 0.5000
0.0180 0.2689 0.7311 0.2689 0.1192 0.0180 0.2689 0.1192 0.2689 0.2689 0.0180 0.0180 0.9820 0.1192 0.0180 0.0474 0.0474 0.0180 0.0180 0.1192 0.9820 0.7311 0.1192 0.0180 0.0180 0.0180 0.2689 0.2689 0.5000 0.2689
0.1192 0.2689 0.0474 0.0180 0.0180 0.1192 0.2689 0.0474 0.2689 0.0180 0.1192 0.2689 0.0180 0.2689 0.1192 0.0474 0.1192 0.2689 1.0000 0.0474 0.0180 0.0180 0.0474 0.0474 0.0474 0.0474 0.1192 0.0180 0.0474 0.2689
0.0474 0.1192 0.5000 0.9975 0.5000 0.0474 0.2689 0.1192 0.2689 0.5000 0.0474 0.0474 0.7311 0.2689 0.0474 0.1192 0.1192 0.0474 0.0180 0.5000 0.7311 0.7311 0.1192 0.0180 0.0180 0.1192 0.5000 0.1192 0.7311 0.2689
0.0180 0.1192 0.2689 0.7311 0.2689 0.0474 0.2689 0.0474 0.2689 0.5000 0.0474 0.0474 0.9933 0.2689 0.0474 0.2689 0.0474 0.0474 0.0180 0.1192 0.9820 0.5000 0.0474 0.0180 0.0180 0.0474 0.5000 0.2689 0.5000 0.2689
0.0180 0.1192 0.2689 0.1192 0.0474 0.0180 0.2689 0.9975 0.2689 0.1192 0.0180 0.0180 0.1192 0.5000 0.0180 0.0180 0.0474 0.0474 0.0474 0.9975 0.1192 0.1192 0.9975 0.0180 0.0180 0.0180 0.1192 0.0474 0.1192 0.2689
0.1192 0.0474 0.5000 0.5000 0.9999 0.0474 0.2689 0.0474 0.2689 0.9999 0.0474 0.0180 0.2689 0.1192 0.0474 0.9526 0.0474 0.0180 0.0180 0.1192 0.2689 0.2689 0.0474 0.1192 0.2689 0.7311 0.2689 0.0474 0.2689 0.1192
0.8808 0.7311 0.0474 0.0474 0.0180 0.7311 0.2689 0.0180 0.0474 0.0180 0.7311 0.8808 0.0180 0.1192 0.7311 0.1192 0.7311 0.9526 0.1192 0.0180 0.0180 0.0474 0.0180 0.5000 0.5000 0.1192 0.5000 0.0474 0.0474 0.1192
0.7311 0.5000 0.0180 0.0474 0.0474 0.9933 0.2689 0.0180 0.0474 0.0180 0.9933 0.7311 0.0180 0.1192 0.9933 0.1192 0.9820 0.7311 0.1192 0.0180 0.0180 0.0474 0.0180 0.5000 0.5000 0.2689 0.2689 0.0180 0.0474 0.1192
0.0474 0.1192 0.5000 0.8808 0.2689 0.0474 0.2689 0.1192 0.2689 0.2689 0.0474 0.0474 0.5000 0.2689 0.0474 0.1192 0.1192 0.0474 0.0180 0.2689 0.5000 0.9526 0.1192 0.0180 0.0180 0.1192 0.2689 0.2689 0.9820 0.2689
0.5000 0.5000 0.1192 0.2689 0.1192 0.8808 0.2689 0.0474 0.1192 0.1192 0.8808 0.5000 0.0474 0.2689 0.8808 0.2689 0.9526 0.5000 0.1192 0.0474 0.0474 0.1192 0.0474 0.5000 0.5000 0.2689 0.5000 0.0474 0.2689 0.2689
0.9975 0.1192 0.0474 0.0180 0.2689 0.5000 0.2689 0.0180 0.0474 0.1192 0.5000 0.2689 0.0180 0.0474 0.5000 0.9526 0.7311 0.2689 0.0474 0.0180 0.0180 0.0474 0.0180 0.9991 0.9991 0.9526 0.1192 0.0180 0.0474 0.0474
0.0180 0.9526 0.2689 0.2689 0.0474 0.0474 0.2689 0.0474 0.7311 0.0474 0.0474 0.0474 0.1192 0.2689 0.0474 0.0474 0.0474 0.0474 0.0180 0.0474 0.7311 0.1192 0.0474 0.0180 0.0180 0.0180 0.1192 0.9997 0.7311 0.2689
0.0474 0.2689 0.8808 0.2689 0.2689 0.0474 0.2689 0.2689 0.9933 0.2689 0.0474 0.1192 0.5000 0.7311 0.0474 0.1192 0.2689 0.1192 0.2689 0.2689 0.5000 0.5000 0.2689 0.0474 0.0474 0.1192 0.7311 0.2689 0.5000 0.9526
0.1192 0.5000 0.5000 0.2689 0.1192 0.1192 0.2689 0.1192 0.7311 0.1192 0.1192 0.5000 0.2689 0.7311 0.1192 0.1192 0.2689 0.5000 0.2689 0.1192 0.2689 0.2689 0.1192 0.0474 0.1192 0.1192 0.9526 0.1192 0.5000 0.9526
0.5000 0.0474 0.0180 0.0474 0.1192 0.1192 0.2689 0.0474 0.0474 0.0474 0.1192 0.0474 0.0180 0.0474 0.1192 0.8808 0.1192 0.0474 0.0474 0.0474 0.0180 0.0474 0.0474 0.7311 0.7311 0.8808 0.0474 0.0180 0.0180 0.0474
0.8808 0.1192 0.1192 0.1192 0.9526 0.2689 0.2689 0.0180 0.1192 0.7311 0.2689 0.1192 0.0474 0.1192 0.2689 0.9991 0.2689 0.1192 0.0474 0.0474 0.0474 0.1192 0.0180 0.9526 0.9820 0.9997 0.2689 0.0180 0.1192 0.1192
0.5000 0.9526 0.0474 0.0474 0.0180 0.7311 0.2689 0.0180 0.1192 0.0180 0.7311 0.9933 0.0474 0.2689 0.7311 0.1192 0.7311 0.9933 0.2689 0.0180 0.0474 0.0474 0.0180 0.2689 0.2689 0.1192 0.5000 0.0474 0.1192 0.2689
# PSSM Sums (divided by 100)
1.0000 1.0100 1.0000 1.0000 1.0100 1.0000 0.9700 1.0000 1.0000 0.9900 1.0000 1.0000 1.0000 1.0000 1.0000 1.0000 1.0000 1.0000 1.0000 1.0000 1.0100 0.9900 1.0000 1.0000 1.0000 0.9700 0.9800 1.0000 1.0000 1.0000
# PSSM sum cosines
1.00 0.02 0.00 0.00 0.00 0.17 0.00 0.00 0.00 0.00 0.17 0.00 0.00 0.00 0.17 0.08 0.24 0.03 0.00 0.00 0.00 0.00 0.00 0.93 0.94 0.06 0.09 0.00 0.00 0.00 0.02 1.00 0.02 0.01 0.00 0.00 0.00 0.00 0.03 0.00 0.00 0.82 0.02 0.51 0.00 0.00 0.02 0.85 0.00 0.01 0.06 0.01 0.00 0.00 0.00 0.00 0.12 0.26 0.03 0.26 0.00 0.02 1.00 0.00 0.00 0.00 0.00 0.00 0.33 0.07 0.00 0.00 0.00 0.03 0.00 0.00 0.04 0.00 0.00 0.00 0.08 0.08 0.00 0.00 0.00 0.00 0.55 0.06 0.14 0.22 0.00 0.01 0.00 1.00 0.02 0.00 0.00 0.00 0.00 0.00 0.00 0.00 0.00 0.00 0.00 0.00 0.00 0.00 0.00 0.07 0.00 0.19 0.00 0.00 0.00 0.00 0.10 0.03 0.10 0.00 0.00 0.00 0.00 0.02 1.00 0.00 0.00 0.00 0.00 0.99 0.00 0.00 0.00 0.00 0.00 0.16 0.00 0.00 0.00 0.00 0.00 0.09 0.00 0.00 0.01 0.11 0.01 0.00 0.01 0.00 0.17 0.00 0.00 0.00 0.00 1.00 0.00 0.00 0.00 0.00 1.00 0.00 0.00 0.00 1.00 0.00 0.98 0.00 0.00 0.00 0.00 0.00 0.00 0.03 0.00 0.00 0.05 0.00 0.00 0.00 0.00 0.00 0.00 0.00 0.00 0.00 1.00 0.00 0.00 0.00 0.00 0.00 0.00 0.00 0.00 0.00 0.00 0.00 1.00 0.00 0.00 0.00 0.00 0.00 0.00 0.00 0.00 0.00 0.00 0.00 0.00 0.00 0.00 0.00 0.00 0.00 0.00 1.00 0.00 0.00 0.00 0.00 0.00 0.00 0.00 0.00 0.00 0.00 0.00 1.00 0.00 0.00 1.00 0.00 0.00 0.00 0.00 0.00 0.00 0.00 0.00 0.03 0.33 0.00 0.00 0.00 0.00 0.00 1.00 0.02 0.00 0.00 0.00 0.04 0.00 0.00 0.13 0.00 0.00 0.00 0.05 0.03 0.00 0.00 0.00 0.00 0.33 0.04 0.08 0.65 0.00 0.00 0.07 0.00 0.99 0.00 0.00 0.00 0.02 1.00 0.00 0.00 0.04 0.00 0.00 0.06 0.00 0.00 0.00 0.00 0.05 0.01 0.00 0.00 0.00 0.00 0.04 0.00 0.01 0.01 0.17 0.00 0.00 0.00 0.00 1.00 0.00 0.00 0.00 0.00 1.00 0.00 0.00 0.00 1.00 0.00 0.98 0.00 0.00 0.00 0.00 0.00 0.00 0.03 0.00 0.00 0.05 0.00 0.00 0.00 0.00 0.82 0.00 0.00 0.00 0.00 0.00 0.00 0.00 0.00 0.00 1.00 0.00 0.00 0.00 0.00 0.03 0.99 0.00 0.00 0.00 0.00 0.00 0.00 0.00 0.00 0.05 0.00 0.00 0.00 0.00 0.02 0.00 0.00 0.00 0.00 0.00 0.00 0.00 0.04 0.00 0.00 1.00 0.00 0.00 0.03 0.00 0.00 0.00 0.00 0.96 0.05 0.00 0.00 0.00 0.00 0.06 0.02 0.01 0.00 0.00 0.51 0.03 0.00 0.00 0.00 0.00 0.00 0.04 0.00 0.00 0.00 0.00 1.00 0.00 0.00 0.00 0.07 0.00 0.02 0.00 0.00 0.00 0.00 0.00 0.00 0.09 0.00 0.00 0.48 0.17 0.00 0.00 0.00 0.00 1.00 0.00 0.00 0.00 0.00 1.00 0.00 0.00 0.00 1.00 0.00 0.98 0.00 0.00 0.00 0.00 0.00 0.00 0.03 0.00 0.00 0.05 0.00 0.00 0.00 0.08 0.00 0.00 0.00 0.16 0.00 0.00 0.00 0.00 0.06 0.00 0.00 0.03 0.00 0.00 1.00 0.01 0.00 0.00 0.00 0.03 0.00 0.00 0.08 0.21 1.00 0.03 0.00 0.00 0.00 0.24 0.02 0.04 0.00 0.00 0.98 0.00 0.00 0.13 0.00 0.98 0.03 0.00 0.00 0.98 0.01 1.00 0.03 0.00 0.00 0.01 0.00 0.00 0.11 0.08 0.01 0.11 0.00 0.01 0.09 0.03 0.85 0.00 0.00 0.00 0.00 0.00 0.00 0.00 0.00 0.00 0.99 0.00 0.07 0.00 0.00 0.03 1.00 0.00 0.00 0.00 0.00 0.00 0.00 0.01 0.00 0.07 0.00 0.00 0.03 0.00 0.00 0.00 0.00 0.00 0.00 1.00 0.00 0.00 0.00 0.00 0.00 0.00 0.00 0.00 0.00 0.00 0.00 1.00 0.00 0.00 0.00 0.00 0.00 0.00 0.00 0.00 0.00 0.00 0.00 0.00 0.01 0.00 0.07 0.00 0.00 0.00 1.00 0.00 0.00 0.00 0.00 0.00 0.02 0.00 0.00 0.00 0.00 0.00 1.00 0.00 0.02 1.00 0.00 0.00 0.00 0.01 0.00 0.00 0.01 0.00 0.06 0.08 0.00 0.00 0.00 0.00 0.00 0.05 0.05 0.00 0.00 0.96 0.00 0.00 0.03 0.01 0.00 0.00 0.00 1.00 0.08 0.00 0.00 0.00 0.00 0.10 0.14 0.04 0.03 0.00 0.01 0.08 0.19 0.09 0.00 0.00 0.00 0.03 0.01 0.00 0.00 0.05 0.00 0.00 0.00 0.00 0.00 0.00 0.02 0.08 1.00 0.00 0.00 0.00 0.00 0.10 0.02 0.43 0.04 0.00 0.00 0.00 0.00 0.00 0.00 0.00 1.00 0.00 0.00 0.00 0.00 0.00 0.00 0.00 0.00 0.00 0.00 0.00 1.00 0.00 0.00 1.00 0.00 0.00 0.00 0.00 0.00 0.00 0.00 0.93 0.00 0.00 0.00 0.00 0.03 0.00 0.00 0.00 0.00 0.03 0.00 0.00 0.00 0.03 0.08 0.11 0.00 0.00 0.00 0.00 0.00 0.00 1.00 0.99 0.07 0.00 0.00 0.00 0.00 0.94 0.00 0.00 0.00 0.01 0.00 0.00 0.00 0.00 0.00 0.00 0.00 0.00 0.00 0.00 0.21 0.08 0.01 0.00 0.00 0.00 0.00 0.00 0.99 1.00 0.19 0.02 0.00 0.00 0.00 0.06 0.00 0.00 0.00 0.11 0.00 0.00 0.00 0.00 0.00 0.00 0.00 0.00 0.00 0.00 1.00 0.01 0.00 0.00 0.00 0.00 0.00 0.00 0.07 0.19 1.00 0.02 0.00 0.00 0.00 0.09 0.12 0.55 0.10 0.01 0.05 0.00 0.00 0.33 0.04 0.05 0.05 0.06 0.09 0.05 0.03 0.11 0.07 0.00 0.01 0.10 0.10 0.00 0.00 0.02 0.02 1.00 0.02 0.13 0.71 0.00 0.26 0.06 0.03 0.00 0.00 0.00 0.00 0.04 0.00 0.00 0.00 0.02 0.00 0.00 0.00 0.00 0.00 0.00 0.00 0.14 0.02 0.00 0.00 0.00 0.00 0.02 1.00 0.15 0.00 0.00 0.03 0.14 0.10 0.01 0.00 0.00 0.00 0.08 0.01 0.00 0.00 0.01 0.00 0.00 0.00 0.01 0.00 0.00 0.00 0.04 0.43 0.00 0.00 0.00 0.00 0.13 0.15 1.00 0.10 0.00 0.26 0.22 0.00 0.00 0.00 0.00 0.00 0.65 0.01 0.00 0.00 0.00 0.48 0.00 0.00 0.09 0.03 0.00 0.01 0.03 0.04 0.00 0.00 0.00 0.00 0.71 0.00 0.10 1.00
# Relative sequence separation
0.00 0.03 0.07 0.10 0.13 0.17 0.20 0.23 0.27 0.30 0.33 0.37 0.40 0.43 0.47 0.50 0.53 0.57 0.60 0.63 0.67 0.70 0.73 0.77 0.80 0.83 0.87 0.90 0.93 0.97 0.03 0.00 0.03 0.07 0.10 0.13 0.17 0.20 0.23 0.27 0.30 0.33 0.37 0.40 0.43 0.47 0.50 0.53 0.57 0.60 0.63 0.67 0.70 0.73 0.77 0.80 0.83 0.87 0.90 0.93 0.07 0.03 0.00 0.03 0.07 0.10 0.13 0.17 0.20 0.23 0.27 0.30 0.33 0.37 0.40 0.43 0.47 0.50 0.53 0.57 0.60 0.63 0.67 0.70 0.73 0.77 0.80 0.83 0.87 0.90 0.10 0.07 0.03 0.00 0.03 0.07 0.10 0.13 0.17 0.20 0.23 0.27 0.30 0.33 0.37 0.40 0.43 0.47 0.50 0.53 0.57 0.60 0.63 0.67 0.70 0.73 0.77 0.80 0.83 0.87 0.13 0.10 0.07 0.03 0.00 0.03 0.07 0.10 0.13 0.17 0.20 0.23 0.27 0.30 0.33 0.37 0.40 0.43 0.47 0.50 0.53 0.57 0.60 0.63 0.67 0.70 0.73 0.77 0.80 0.83 0.17 0.13 0.10 0.07 0.03 0.00 0.03 0.07 0.10 0.13 0.17 0.20 0.23 0.27 0.30 0.33 0.37 0.40 0.43 0.47 0.50 0.53 0.57 0.60 0.63 0.67 0.70 0.73 0.77 0.80 0.20 0.17 0.13 0.10 0.07 0.03 0.00 0.03 0.07 0.10 0.13 0.17 0.20 0.23 0.27 0.30 0.33 0.37 0.40 0.43 0.47 0.50 0.53 0.57 0.60 0.63 0.67 0.70 0.73 0.77 0.23 0.20 0.17 0.13 0.10 0.07 0.03 0.00 0.03 0.07 0.10 0.13 0.17 0.20 0.23 0.27 0.30 0.33 0.37 0.40 0.43 0.47 0.50 0.53 0.57 0.60 0.63 0.67 0.70 0.73 0.27 0.23 0.20 0.17 0.13 0.10 0.07 0.03 0.00 0.03 0.07 0.10 0.13 0.17 0.20 0.23 0.27 0.30 0.33 0.37 0.40 0.43 0.47 0.50 0.53 0.57 0.60 0.63 0.67 0.70 0.30 0.27 0.23 0.20 0.17 0.13 0.10 0.07 0.03 0.00 0.03 0.07 0.10 0.13 0.17 0.20 0.23 0.27 0.30 0.33 0.37 0.40 0.43 0.47 0.50 0.53 0.57 0.60 0.63 0.67 0.33 0.30 0.27 0.23 0.20 0.17 0.13 0.10 0.07 0.03 0.00 0.03 0.07 0.10 0.13 0.17 0.20 0.23 0.27 0.30 0.33 0.37 0.40 0.43 0.47 0.50 0.53 0.57 0.60 0.63 0.37 0.33 0.30 0.27 0.23 0.20 0.17 0.13 0.10 0.07 0.03 0.00 0.03 0.07 0.10 0.13 0.17 0.20 0.23 0.27 0.30 0.33 0.37 0.40 0.43 0.47 0.50 0.53 0.57 0.60 0.40 0.37 0.33 0.30 0.27 0.23 0.20 0.17 0.13 0.10 0.07 0.03 0.00 0.03 0.07 0.10 0.13 0.17 0.20 0.23 0.27 0.30 0.33 0.37 0.40 0.43 0.47 0.50 0.53 0.57 0.43 0.40 0.37 0.33 0.30 0.27 0.23 0.20 0.17 0.13 0.10 0.07 0.03 0.00 0.03 0.07 0.10 0.13 0.17 0.20 0.23 0.27 0.30 0.33 0.37 0.40 0.43 0.47 0.50 0.53 0.47 0.43 0.40 0.37 0.33 0.30 0.27 0.23 0.20 0.17 0.13 0.10 0.07 0.03 0.00 0.03 0.07 0.10 0.13 0.17 0.20 0.23 0.27 0.30 0.33 0.37 0.40 0.43 0.47 0.50 0.50 0.47 0.43 0.40 0.37 0.33 0.30 0.27 0.23 0.20 0.17 0.13 0.10 0.07 0.03 0.00 0.03 0.07 0.10 0.13 0.17 0.20 0.23 0.27 0.30 0.33 0.37 0.40 0.43 0.47 0.53 0.50 0.47 0.43 0.40 0.37 0.33 0.30 0.27 0.23 0.20 0.17 0.13 0.10 0.07 0.03 0.00 0.03 0.07 0.10 0.13 0.17 0.20 0.23 0.27 0.30 0.33 0.37 0.40 0.43 0.57 0.53 0.50 0.47 0.43 0.40 0.37 0.33 0.30 0.27 0.23 0.20 0.17 0.13 0.10 0.07 0.03 0.00 0.03 0.07 0.10 0.13 0.17 0.20 0.23 0.27 0.30 0.33 0.37 0.40 0.60 0.57 0.53 0.50 0.47 0.43 0.40 0.37 0.33 0.30 0.27 0.23 0.20 0.17 0.13 0.10 0.07 0.03 0.00 0.03 0.07 0.10 0.13 0.17 0.20 0.23 0.27 0.30 0.33 0.37 0.63 0.60 0.57 0.53 0.50 0.47 0.43 0.40 0.37 0.33 0.30 0.27 0.23 0.20 0.17 0.13 0.10 0.07 0.03 0.00 0.03 0.07 0.10 0.13 0.17 0.20 0.23 0.27 0.30 0.33 0.67 0.63 0.60 0.57 0.53 0.50 0.47 0.43 0.40 0.37 0.33 0.30 0.27 0.23 0.20 0.17 0.13 0.10 0.07 0.03 0.00 0.03 0.07 0.10 0.13 0.17 0.20 0.23 0.27 0.30 0.70 0.67 0.63 0.60 0.57 0.53 0.50 0.47 0.43 0.40 0.37 0.33 0.30 0.27 0.23 0.20 0.17 0.13 0.10 0.07 0.03 0.00 0.03 0.07 0.10 0.13 0.17 0.20 0.23 0.27 0.73 0.70 0.67 0.63 0.60 0.57 0.53 0.50 0.47 0.43 0.40 0.37 0.33 0.30 0.27 0.23 0.20 0.17 0.13 0.10 0.07 0.03 0.00 0.03 0.07 0.10 0.13 0.17 0.20 0.23 0.77 0.73 0.70 0.67 0.63 0.60 0.57 0.53 0.50 0.47 0.43 0.40 0.37 0.33 0.30 0.27 0.23 0.20 0.17 0.13 0.10 0.07 0.03 0.00 0.03 0.07 0.10 0.13 0.17 0.20 0.80 0.77 0.73 0.70 0.67 0.63 0.60 0.57 0.53 0.50 0.47 0.43 0.40 0.37 0.33 0.30 0.27 0.23 0.20 0.17 0.13 0.10 0.07 0.03 0.00 0.03 0.07 0.10 0.13 0.17 0.83 0.80 0.77 0.73 0.70 0.67 0.63 0.60 0.57 0.53 0.50 0.47 0.43 0.40 0.37 0.33 0.30 0.27 0.23 0.20 0.17 0.13 0.10 0.07 0.03 0.00 0.03 0.07 0.10 0.13 0.87 0.83 0.80 0.77 0.73 0.70 0.67 0.63 0.60 0.57 0.53 0.50 0.47 0.43 0.40 0.37 0.33 0.30 0.27 0.23 0.20 0.17 0.13 0.10 0.07 0.03 0.00 0.03 0.07 0.10 0.90 0.87 0.83 0.80 0.77 0.73 0.70 0.67 0.63 0.60 0.57 0.53 0.50 0.47 0.43 0.40 0.37 0.33 0.30 0.27 0.23 0.20 0.17 0.13 0.10 0.07 0.03 0.00 0.03 0.07 0.93 0.90 0.87 0.83 0.80 0.77 0.73 0.70 0.67 0.63 0.60 0.57 0.53 0.50 0.47 0.43 0.40 0.37 0.33 0.30 0.27 0.23 0.20 0.17 0.13 0.10 0.07 0.03 0.00 0.03 0.97 0.93 0.90 0.87 0.83 0.80 0.77 0.73 0.70 0.67 0.63 0.60 0.57 0.53 0.50 0.47 0.43 0.40 0.37 0.33 0.30 0.27 0.23 0.20 0.17 0.13 0.10 0.07 0.03 0.00
# Sequence separation between 23 and 28
0 0 0 0 0 0 0 0 0 0 0 0 0 0 0 0 0 0 0 0 0 0 0 1 1 1 1 1 0 0 0 0 0 0 0 0 0 0 0 0 0 0 0 0 0 0 0 0 0 0 0 0 0 0 1 1 1 1 1 0 0 0 0 0 0 0 0 0 0 0 0 0 0 0 0 0 0 0 0 0 0 0 0 0 0 1 1 1 1 1 0 0 0 0 0 0 0 0 0 0 0 0 0 0 0 0 0 0 0 0 0 0 0 0 0 0 1 1 1 1 0 0 0 0 0 0 0 0 0 0 0 0 0 0 0 0 0 0 0 0 0 0 0 0 0 0 0 1 1 1 0 0 0 0 0 0 0 0 0 0 0 0 0 0 0 0 0 0 0 0 0 0 0 0 0 0 0 0 1 1 0 0 0 0 0 0 0 0 0 0 0 0 0 0 0 0 0 0 0 0 0 0 0 0 0 0 0 0 0 1 0 0 0 0 0 0 0 0 0 0 0 0 0 0 0 0 0 0 0 0 0 0 0 0 0 0 0 0 0 0 0 0 0 0 0 0 0 0 0 0 0 0 0 0 0 0 0 0 0 0 0 0 0 0 0 0 0 0 0 0 0 0 0 0 0 0 0 0 0 0 0 0 0 0 0 0 0 0 0 0 0 0 0 0 0 0 0 0 0 0 0 0 0 0 0 0 0 0 0 0 0 0 0 0 0 0 0 0 0 0 0 0 0 0 0 0 0 0 0 0 0 0 0 0 0 0 0 0 0 0 0 0 0 0 0 0 0 0 0 0 0 0 0 0 0 0 0 0 0 0 0 0 0 0 0 0 0 0 0 0 0 0 0 0 0 0 0 0 0 0 0 0 0 0 0 0 0 0 0 0 0 0 0 0 0 0 0 0 0 0 0 0 0 0 0 0 0 0 0 0 0 0 0 0 0 0 0 0 0 0 0 0 0 0 0 0 0 0 0 0 0 0 0 0 0 0 0 0 0 0 0 0 0 0 0 0 0 0 0 0 0 0 0 0 0 0 0 0 0 0 0 0 0 0 0 0 0 0 0 0 0 0 0 0 0 0 0 0 0 0 0 0 0 0 0 0 0 0 0 0 0 0 0 0 0 0 0 0 0 0 0 0 0 0 0 0 0 0 0 0 0 0 0 0 0 0 0 0 0 0 0 0 0 0 0 0 0 0 0 0 0 0 0 0 0 0 0 0 0 0 0 0 0 0 0 0 0 0 0 0 0 0 0 0 0 0 0 0 0 0 0 0 0 0 0 0 0 0 0 0 0 0 0 0 0 0 0 0 0 0 0 0 0 0 0 0 0 0 0 0 0 0 0 0 0 0 0 0 0 0 0 0 0 0 0 0 0 0 0 0 0 0 0 0 0 0 0 0 0 0 0 0 0 0 0 0 0 0 0 0 0 0 0 0 0 0 0 0 0 0 0 0 0 0 0 0 0 0 0 0 0 0 0 0 0 0 0 0 0 0 0 0 0 0 0 0 0 0 0 0 0 0 0 0 0 0 0 0 0 0 0 0 0 0 0 0 0 0 0 0 1 0 0 0 0 0 0 0 0 0 0 0 0 0 0 0 0 0 0 0 0 0 0 0 0 0 0 0 0 0 1 1 0 0 0 0 0 0 0 0 0 0 0 0 0 0 0 0 0 0 0 0 0 0 0 0 0 0 0 0 1 1 1 0 0 0 0 0 0 0 0 0 0 0 0 0 0 0 0 0 0 0 0 0 0 0 0 0 0 0 1 1 1 1 0 0 0 0 0 0 0 0 0 0 0 0 0 0 0 0 0 0 0 0 0 0 0 0 0 0 1 1 1 1 1 0 0 0 0 0 0 0 0 0 0 0 0 0 0 0 0 0 0 0 0 0 0 0 0 0 0 1 1 1 1 1 0 0 0 0 0 0 0 0 0 0 0 0 0 0 0 0 0 0 0 0 0 0 0 0 0 0 1 1 1 1 1 0 0 0 0 0 0 0 0 0 0 0 0 0 0 0 0 0 0 0 0 0 0 0
# Sequence separation between 28 and 38
0 0 0 0 0 0 0 0 0 0 0 0 0 0 0 0 0 0 0 0 0 0 0 0 0 0 0 0 1 1 0 0 0 0 0 0 0 0 0 0 0 0 0 0 0 0 0 0 0 0 0 0 0 0 0 0 0 0 0 1 0 0 0 0 0 0 0 0 0 0 0 0 0 0 0 0 0 0 0 0 0 0 0 0 0 0 0 0 0 0 0 0 0 0 0 0 0 0 0 0 0 0 0 0 0 0 0 0 0 0 0 0 0 0 0 0 0 0 0 0 0 0 0 0 0 0 0 0 0 0 0 0 0 0 0 0 0 0 0 0 0 0 0 0 0 0 0 0 0 0 0 0 0 0 0 0 0 0 0 0 0 0 0 0 0 0 0 0 0 0 0 0 0 0 0 0 0 0 0 0 0 0 0 0 0 0 0 0 0 0 0 0 0 0 0 0 0 0 0 0 0 0 0 0 0 0 0 0 0 0 0 0 0 0 0 0 0 0 0 0 0 0 0 0 0 0 0 0 0 0 0 0 0 0 0 0 0 0 0 0 0 0 0 0 0 0 0 0 0 0 0 0 0 0 0 0 0 0 0 0 0 0 0 0 0 0 0 0 0 0 0 0 0 0 0 0 0 0 0 0 0 0 0 0 0 0 0 0 0 0 0 0 0 0 0 0 0 0 0 0 0 0 0 0 0 0 0 0 0 0 0 0 0 0 0 0 0 0 0 0 0 0 0 0 0 0 0 0 0 0 0 0 0 0 0 0 0 0 0 0 0 0 0 0 0 0 0 0 0 0 0 0 0 0 0 0 0 0 0 0 0 0 0 0 0 0 0 0 0 0 0 0 0 0 0 0 0 0 0 0 0 0 0 0 0 0 0 0 0 0 0 0 0 0 0 0 0 0 0 0 0 0 0 0 0 0 0 0 0 0 0 0 0 0 0 0 0 0 0 0 0 0 0 0 0 0 0 0 0 0 0 0 0 0 0 0 0 0 0 0 0 0 0 0 0 0 0 0 0 0 0 0 0 0 0 0 0 0 0 0 0 0 0 0 0 0 0 0 0 0 0 0 0 0 0 0 0 0 0 0 0 0 0 0 0 0 0 0 0 0 0 0 0 0 0 0 0 0 0 0 0 0 0 0 0 0 0 0 0 0 0 0 0 0 0 0 0 0 0 0 0 0 0 0 0 0 0 0 0 0 0 0 0 0 0 0 0 0 0 0 0 0 0 0 0 0 0 0 0 0 0 0 0 0 0 0 0 0 0 0 0 0 0 0 0 0 0 0 0 0 0 0 0 0 0 0 0 0 0 0 0 0 0 0 0 0 0 0 0 0 0 0 0 0 0 0 0 0 0 0 0 0 0 0 0 0 0 0 0 0 0 0 0 0 0 0 0 0 0 0 0 0 0 0 0 0 0 0 0 0 0 0 0 0 0 0 0 0 0 0 0 0 0 0 0 0 0 0 0 0 0 0 0 0 0 0 0 0 0 0 0 0 0 0 0 0 0 0 0 0 0 0 0 0 0 0 0 0 0 0 0 0 0 0 0 0 0 0 0 0 0 0 0 0 0 0 0 0 0 0 0 0 0 0 0 0 0 0 0 0 0 0 0 0 0 0 0 0 0 0 0 0 0 0 0 0 0 0 0 0 0 0 0 0 0 0 0 0 0 0 0 0 0 0 0 0 0 0 0 0 0 0 0 0 0 0 0 0 0 0 0 0 0 0 0 0 0 0 0 0 0 0 0 0 0 0 0 0 0 0 0 0 0 0 0 0 0 0 0 0 0 0 0 0 0 0 0 0 0 0 0 0 0 0 0 0 0 0 0 0 0 0 0 0 0 0 0 0 0 0 0 0 0 0 0 0 0 0 0 0 0 0 0 0 0 0 0 0 0 0 1 0 0 0 0 0 0 0 0 0 0 0 0 0 0 0 0 0 0 0 0 0 0 0 0 0 0 0 0 0 1 1 0 0 0 0 0 0 0 0 0 0 0 0 0 0 0 0 0 0 0 0 0 0 0 0 0 0 0 0
# Sequence separation between 38 and 48
0 0 0 0 0 0 0 0 0 0 0 0 0 0 0 0 0 0 0 0 0 0 0 0 0 0 0 0 0 0 0 0 0 0 0 0 0 0 0 0 0 0 0 0 0 0 0 0 0 0 0 0 0 0 0 0 0 0 0 0 0 0 0 0 0 0 0 0 0 0 0 0 0 0 0 0 0 0 0 0 0 0 0 0 0 0 0 0 0 0 0 0 0 0 0 0 0 0 0 0 0 0 0 0 0 0 0 0 0 0 0 0 0 0 0 0 0 0 0 0 0 0 0 0 0 0 0 0 0 0 0 0 0 0 0 0 0 0 0 0 0 0 0 0 0 0 0 0 0 0 0 0 0 0 0 0 0 0 0 0 0 0 0 0 0 0 0 0 0 0 0 0 0 0 0 0 0 0 0 0 0 0 0 0 0 0 0 0 0 0 0 0 0 0 0 0 0 0 0 0 0 0 0 0 0 0 0 0 0 0 0 0 0 0 0 0 0 0 0 0 0 0 0 0 0 0 0 0 0 0 0 0 0 0 0 0 0 0 0 0 0 0 0 0 0 0 0 0 0 0 0 0 0 0 0 0 0 0 0 0 0 0 0 0 0 0 0 0 0 0 0 0 0 0 0 0 0 0 0 0 0 0 0 0 0 0 0 0 0 0 0 0 0 0 0 0 0 0 0 0 0 0 0 0 0 0 0 0 0 0 0 0 0 0 0 0 0 0 0 0 0 0 0 0 0 0 0 0 0 0 0 0 0 0 0 0 0 0 0 0 0 0 0 0 0 0 0 0 0 0 0 0 0 0 0 0 0 0 0 0 0 0 0 0 0 0 0 0 0 0 0 0 0 0 0 0 0 0 0 0 0 0 0 0 0 0 0 0 0 0 0 0 0 0 0 0 0 0 0 0 0 0 0 0 0 0 0 0 0 0 0 0 0 0 0 0 0 0 0 0 0 0 0 0 0 0 0 0 0 0 0 0 0 0 0 0 0 0 0 0 0 0 0 0 0 0 0 0 0 0 0 0 0 0 0 0 0 0 0 0 0 0 0 0 0 0 0 0 0 0 0 0 0 0 0 0 0 0 0 0 0 0 0 0 0 0 0 0 0 0 0 0 0 0 0 0 0 0 0 0 0 0 0 0 0 0 0 0 0 0 0 0 0 0 0 0 0 0 0 0 0 0 0 0 0 0 0 0 0 0 0 0 0 0 0 0 0 0 0 0 0 0 0 0 0 0 0 0 0 0 0 0 0 0 0 0 0 0 0 0 0 0 0 0 0 0 0 0 0 0 0 0 0 0 0 0 0 0 0 0 0 0 0 0 0 0 0 0 0 0 0 0 0 0 0 0 0 0 0 0 0 0 0 0 0 0 0 0 0 0 0 0 0 0 0 0 0 0 0 0 0 0 0 0 0 0 0 0 0 0 0 0 0 0 0 0 0 0 0 0 0 0 0 0 0 0 0 0 0 0 0 0 0 0 0 0 0 0 0 0 0 0 0 0 0 0 0 0 0 0 0 0 0 0 0 0 0 0 0 0 0 0 0 0 0 0 0 0 0 0 0 0 0 0 0 0 0 0 0 0 0 0 0 0 0 0 0 0 0 0 0 0 0 0 0 0 0 0 0 0 0 0 0 0 0 0 0 0 0 0 0 0 0 0 0 0 0 0 0 0 0 0 0 0 0 0 0 0 0 0 0 0 0 0 0 0 0 0 0 0 0 0 0 0 0 0 0 0 0 0 0 0 0 0 0 0 0 0 0 0 0 0 0 0 0 0 0 0 0 0 0 0 0 0 0 0 0 0 0 0 0 0 0 0 0 0 0 0 0 0 0 0 0 0 0 0 0 0 0 0 0 0 0 0 0 0 0 0 0 0 0 0 0 0 0 0 0 0 0 0 0 0 0 0 0 0 0 0 0 0 0 0 0 0 0 0 0 0 0 0 0 0 0 0 0 0 0 0 0 0 0 0 0 0 0 0 0 0 0 0 0 0 0 0 0 0 0 0 0 0 0 0 0 0 0 0 0 0 0 0
# Sequence separation 48+
0 0 0 0 0 0 0 0 0 0 0 0 0 0 0 0 0 0 0 0 0 0 0 0 0 0 0 0 0 0 0 0 0 0 0 0 0 0 0 0 0 0 0 0 0 0 0 0 0 0 0 0 0 0 0 0 0 0 0 0 0 0 0 0 0 0 0 0 0 0 0 0 0 0 0 0 0 0 0 0 0 0 0 0 0 0 0 0 0 0 0 0 0 0 0 0 0 0 0 0 0 0 0 0 0 0 0 0 0 0 0 0 0 0 0 0 0 0 0 0 0 0 0 0 0 0 0 0 0 0 0 0 0 0 0 0 0 0 0 0 0 0 0 0 0 0 0 0 0 0 0 0 0 0 0 0 0 0 0 0 0 0 0 0 0 0 0 0 0 0 0 0 0 0 0 0 0 0 0 0 0 0 0 0 0 0 0 0 0 0 0 0 0 0 0 0 0 0 0 0 0 0 0 0 0 0 0 0 0 0 0 0 0 0 0 0 0 0 0 0 0 0 0 0 0 0 0 0 0 0 0 0 0 0 0 0 0 0 0 0 0 0 0 0 0 0 0 0 0 0 0 0 0 0 0 0 0 0 0 0 0 0 0 0 0 0 0 0 0 0 0 0 0 0 0 0 0 0 0 0 0 0 0 0 0 0 0 0 0 0 0 0 0 0 0 0 0 0 0 0 0 0 0 0 0 0 0 0 0 0 0 0 0 0 0 0 0 0 0 0 0 0 0 0 0 0 0 0 0 0 0 0 0 0 0 0 0 0 0 0 0 0 0 0 0 0 0 0 0 0 0 0 0 0 0 0 0 0 0 0 0 0 0 0 0 0 0 0 0 0 0 0 0 0 0 0 0 0 0 0 0 0 0 0 0 0 0 0 0 0 0 0 0 0 0 0 0 0 0 0 0 0 0 0 0 0 0 0 0 0 0 0 0 0 0 0 0 0 0 0 0 0 0 0 0 0 0 0 0 0 0 0 0 0 0 0 0 0 0 0 0 0 0 0 0 0 0 0 0 0 0 0 0 0 0 0 0 0 0 0 0 0 0 0 0 0 0 0 0 0 0 0 0 0 0 0 0 0 0 0 0 0 0 0 0 0 0 0 0 0 0 0 0 0 0 0 0 0 0 0 0 0 0 0 0 0 0 0 0 0 0 0 0 0 0 0 0 0 0 0 0 0 0 0 0 0 0 0 0 0 0 0 0 0 0 0 0 0 0 0 0 0 0 0 0 0 0 0 0 0 0 0 0 0 0 0 0 0 0 0 0 0 0 0 0 0 0 0 0 0 0 0 0 0 0 0 0 0 0 0 0 0 0 0 0 0 0 0 0 0 0 0 0 0 0 0 0 0 0 0 0 0 0 0 0 0 0 0 0 0 0 0 0 0 0 0 0 0 0 0 0 0 0 0 0 0 0 0 0 0 0 0 0 0 0 0 0 0 0 0 0 0 0 0 0 0 0 0 0 0 0 0 0 0 0 0 0 0 0 0 0 0 0 0 0 0 0 0 0 0 0 0 0 0 0 0 0 0 0 0 0 0 0 0 0 0 0 0 0 0 0 0 0 0 0 0 0 0 0 0 0 0 0 0 0 0 0 0 0 0 0 0 0 0 0 0 0 0 0 0 0 0 0 0 0 0 0 0 0 0 0 0 0 0 0 0 0 0 0 0 0 0 0 0 0 0 0 0 0 0 0 0 0 0 0 0 0 0 0 0 0 0 0 0 0 0 0 0 0 0 0 0 0 0 0 0 0 0 0 0 0 0 0 0 0 0 0 0 0 0 0 0 0 0 0 0 0 0 0 0 0 0 0 0 0 0 0 0 0 0 0 0 0 0 0 0 0 0 0 0 0 0 0 0 0 0 0 0 0 0 0 0 0 0 0 0 0 0 0 0 0 0 0 0 0 0 0 0 0 0 0 0 0 0 0 0 0 0 0 0 0 0 0 0 0 0 0 0 0 0 0 0 0 0 0 0 0 0 0 0 0 0 0 0 0 0 0 0 0 0 0 0 0 0 0 0 0 0 0 0
# Psipred
0.996 0.913 0.832 0.721 0.743 0.926 0.770 0.882 0.300 0.099 0.039 0.026 0.020 0.022 0.021 0.027 0.065 0.090 0.142 0.647 0.912 0.695 0.525 0.314 0.271 0.462 0.842 0.906 0.955 0.989
0.002 0.040 0.053 0.084 0.063 0.020 0.053 0.055 0.668 0.902 0.956 0.952 0.946 0.911 0.933 0.963 0.943 0.903 0.843 0.309 0.064 0.056 0.037 0.019 0.010 0.007 0.006 0.007 0.010 0.002
0.002 0.020 0.041 0.052 0.057 0.020 0.037 0.006 0.005 0.006 0.007 0.012 0.023 0.089 0.109 0.058 0.033 0.089 0.135 0.067 0.044 0.157 0.307 0.563 0.618 0.444 0.157 0.101 0.025 0.002
# Psisolv
0.727 0.419 0.498 0.517 0.464 0.500 0.339 0.877 0.414 0.298 0.098 0.086 0.307 0.059 0.033 0.099 0.095 0.066 0.064 0.154 0.468 0.422 0.125 0.152 0.202 0.182 0.287 0.297 0.618 0.916
# pref score
0.224 0.412 0.216 0.172 0.084 0.416 0.004 0.380 0.288 0.084 0.416 0.412 0.180 0.520 0.416 0.220 0.416 0.412 0.084 0.380 0.180 0.188 0.380 0.224 0.224 0.220 0.328 0.392 0.136 0.328 0.412 0.692 0.304 0.292 0.184 0.748 0.004 0.704 0.712 0.184 0.748 0.692 0.428 0.984 0.748 0.300 0.748 0.692 0.160 0.704 0.428 0.380 0.704 0.412 0.412 0.300 0.616 0.600 0.376 0.616 0.216 0.304 0.348 0.240 0.112 0.372 0.004 0.536 0.484 0.112 0.372 0.304 0.292 0.628 0.372 0.216 0.372 0.304 0.044 0.536 0.292 0.272 0.536 0.216 0.216 0.216 0.660 0.492 0.212 0.660 0.172 0.292 0.240 0.120 0.100 0.300 0.004 0.444 0.312 0.100 0.300 0.292 0.144 0.388 0.300 0.080 0.300 0.292 0.040 0.444 0.144 0.192 0.444 0.172 0.172 0.080 0.436 0.332 0.136 0.436 0.084 0.184 0.112 0.100 0.088 0.272 0.004 0.312 0.144 0.088 0.272 0.184 0.096 0.308 0.272 0.148 0.272 0.184 0.056 0.312 0.096 0.132 0.312 0.084 0.084 0.148 0.624 0.180 0.064 0.624 0.416 0.748 0.372 0.300 0.272 0.696 0.004 0.688 0.548 0.272 0.696 0.748 0.404 1.000 0.696 0.308 0.696 0.748 0.156 0.688 0.404 0.448 0.688 0.416 0.416 0.308 0.496 0.528 0.264 0.496 0.004 0.004 0.004 0.004 0.004 0.004 0.004 0.004 0.004 0.004 0.004 0.004 0.004 0.004 0.004 0.004 0.004 0.004 0.004 0.004 0.004 0.004 0.004 0.004 0.004 0.004 0.004 0.004 0.004 0.004 0.380 0.704 0.536 0.444 0.312 0.688 0.004 0.744 0.768 0.312 0.688 0.704 0.440 0.956 0.688 0.436 0.688 0.704 0.212 0.744 0.440 0.564 0.744 0.380 0.380 0.436 0.900 0.728 0.492 0.900 0.288 0.712 0.484 0.312 0.144 0.548 0.004 0.768 0.564 0.144 0.548 0.712 0.528 0.836 0.548 0.288 0.548 0.712 0.212 0.768 0.528 0.392 0.768 0.288 0.288 0.288 0.704 0.588 0.356 0.704 0.084 0.184 0.112 0.100 0.088 0.272 0.004 0.312 0.144 0.088 0.272 0.184 0.096 0.308 0.272 0.148 0.272 0.184 0.056 0.312 0.096 0.132 0.312 0.084 0.084 0.148 0.624 0.180 0.064 0.624 0.416 0.748 0.372 0.300 0.272 0.696 0.004 0.688 0.548 0.272 0.696 0.748 0.404 1.000 0.696 0.308 0.696 0.748 0.156 0.688 0.404 0.448 0.688 0.416 0.416 0.308 0.496 0.528 0.264 0.496 0.412 0.692 0.304 0.292 0.184 0.748 0.004 0.704 0.712 0.184 0.748 0.692 0.428 0.984 0.748 0.300 0.748 0.692 0.160 0.704 0.428 0.380 0.704 0.412 0.412 0.300 0.616 0.600 0.376 0.616 0.180 0.428 0.292 0.144 0.096 0.404 0.004 0.440 0.528 0.096 0.404 0.428 0.200 0.564 0.404 0.240 0.404 0.428 0.096 0.440 0.200 0.388 0.440 0.180 0.180 0.240 0.180 0.448 0.324 0.180 0.520 0.984 0.628 0.388 0.308 1.000 0.004 0.956 0.836 0.308 1.000 0.984 0.564 0.888 1.000 0.400 1.000 0.984 0.220 0.956 0.564 0.416 0.956 0.520 0.520 0.400 0.788 0.756 0.408 0.788 0.416 0.748 0.372 0.300 0.272 0.696 0.004 0.688 0.548 0.272 0.696 0.748 0.404 1.000 0.696 0.308 0.696 0.748 0.156 0.688 0.404 0.448 0.688 0.416 0.416 0.308 0.496 0.528 0.264 0.496 0.220 0.300 0.216 0.080 0.148 0.308 0.004 0.436 0.288 0.148 0.308 0.300 0.240 0.400 0.308 0.196 0.308 0.300 0.048 0.436 0.240 0.200 0.436 0.220 0.220 0.196 0.144 0.340 0.184 0.144 0.416 0.748 0.372 0.300 0.272 0.696 0.004 0.688 0.548 0.272 0.696 0.748 0.404 1.000 0.696 0.308 0.696 0.748 0.156 0.688 0.404 0.448 0.688 0.416 0.416 0.308 0.496 0.528 0.264 0.496 0.412 0.692 0.304 0.292 0.184 0.748 0.004 0.704 0.712 0.184 0.748 0.692 0.428 0.984 0.748 0.300 0.748 0.692 0.160 0.704 0.428 0.380 0.704 0.412 0.412 0.300 0.616 0.600 0.376 0.616 0.084 0.160 0.044 0.040 0.056 0.156 0.004 0.212 0.212 0.056 0.156 0.160 0.096 0.220 0.156 0.048 0.156 0.160 0.148 0.212 0.096 0.068 0.212 0.084 0.084 0.048 0.108 0.164 0.048 0.108 0.380 0.704 0.536 0.444 0.312 0.688 0.004 0.744 0.768 0.312 0.688 0.704 0.440 0.956 0.688 0.436 0.688 0.704 0.212 0.744 0.440 0.564 0.744 0.380 0.380 0.436 0.900 0.728 0.492 0.900 0.180 0.428 0.292 0.144 0.096 0.404 0.004 0.440 0.528 0.096 0.404 0.428 0.200 0.564 0.404 0.240 0.404 0.428 0.096 0.440 0.200 0.388 0.440 0.180 0.180 0.240 0.180 0.448 0.324 0.180 0.188 0.380 0.272 0.192 0.132 0.448 0.004 0.564 0.392 0.132 0.448 0.380 0.388 0.416 0.448 0.200 0.448 0.380 0.068 0.564 0.388 0.308 0.564 0.188 0.188 0.200 0.380 0.384 0.100 0.380 0.380 0.704 0.536 0.444 0.312 0.688 0.004 0.744 0.768 0.312 0.688 0.704 0.440 0.956 0.688 0.436 0.688 0.704 0.212 0.744 0.440 0.564 0.744 0.380 0.380 0.436 0.900 0.728 0.492 0.900 0.224 0.412 0.216 0.172 0.084 0.416 0.004 0.380 0.288 0.084 0.416 0.412 0.180 0.520 0.416 0.220 0.416 0.412 0.084 0.380 0.180 0.188 0.380 0.224 0.224 0.220 0.328 0.392 0.136 0.328 0.224 0.412 0.216 0.172 0.084 0.416 0.004 0.380 0.288 0.084 0.416 0.412 0.180 0.520 0.416 0.220 0.416 0.412 0.084 0.380 0.180 0.188 0.380 0.224 0.224 0.220 0.328 0.392 0.136 0.328 0.220 0.300 0.216 0.080 0.148 0.308 0.004 0.436 0.288 0.148 0.308 0.300 0.240 0.400 0.308 0.196 0.308 0.300 0.048 0.436 0.240 0.200 0.436 0.220 0.220 0.196 0.144 0.340 0.184 0.144 0.328 0.616 0.660 0.436 0.624 0.496 0.004 0.900 0.704 0.624 0.496 0.616 0.180 0.788 0.496 0.144 0.496 0.616 0.108 0.900 0.180 0.380 0.900 0.328 0.328 0.144 0.468 0.272 0.344 0.468 0.392 0.600 0.492 0.332 0.180 0.528 0.004 0.728 0.588 0.180 0.528 0.600 0.448 0.756 0.528 0.340 0.528 0.600 0.164 0.728 0.448 0.384 0.728 0.392 0.392 0.340 0.272 0.364 0.336 0.272 0.136 0.376 0.212 0.136 0.064 0.264 0.004 0.492 0.356 0.064 0.264 0.376 0.324 0.408 0.264 0.184 0.264 0.376 0.048 0.492 0.324 0.100 0.492 0.136 0.136 0.184 0.344 0.336 0.120 0.344 0.328 0.616 0.660 0.436 0.624 0.496 0.004 0.900 0.704 0.624 0.496 0.616 0.180 0.788 0.496 0.144 0.496 0.616 0.108 0.900 0.180 0.380 0.900 0.328 0.328 0.144 0.468 0.272 0.344 0.468
# scld lu con pot
0.222 0.365 0.587 0.556 0.476 0.333 0.698 0.571 0.556 0.476 0.333 0.365 0.683 0.508 0.333 0.333 0.333 0.365 0.317 0.571 0.683 0.508 0.571 0.222 0.222 0.333 0.556 0.571 0.667 0.556 0.365 0.381 0.667 0.651 0.556 0.397 0.698 0.683 0.667 0.556 0.397 0.381 0.762 0.587 0.397 0.413 0.397 0.381 0.397 0.683 0.762 0.571 0.683 0.365 0.365 0.413 0.619 0.651 0.746 0.619 0.587 0.667 0.746 0.794 0.746 0.651 0.698 0.810 0.794 0.746 0.651 0.667 0.873 0.778 0.651 0.619 0.651 0.667 0.651 0.810 0.873 0.714 0.810 0.587 0.587 0.619 0.778 0.825 0.857 0.778 0.556 0.651 0.794 0.667 0.698 0.603 0.698 0.794 0.794 0.698 0.603 0.651 0.873 0.778 0.603 0.603 0.603 0.651 0.571 0.794 0.873 0.714 0.794 0.556 0.556 0.603 0.778 0.762 0.857 0.778 0.476 0.556 0.746 0.698 0.492 0.524 0.698 0.698 0.635 0.492 0.524 0.556 0.730 0.683 0.524 0.444 0.524 0.556 0.397 0.698 0.730 0.635 0.698 0.476 0.476 0.444 0.651 0.714 0.810 0.651 0.333 0.397 0.651 0.603 0.524 0.270 0.698 0.635 0.619 0.524 0.270 0.397 0.698 0.540 0.270 0.365 0.270 0.397 0.381 0.635 0.698 0.540 0.635 0.333 0.333 0.365 0.587 0.571 0.698 0.587 0.698 0.698 0.698 0.698 0.698 0.698 0.698 0.698 0.698 0.698 0.698 0.698 0.698 0.698 0.698 0.698 0.698 0.698 0.698 0.698 0.698 0.698 0.698 0.698 0.698 0.698 0.698 0.698 0.698 0.698 0.571 0.683 0.810 0.794 0.698 0.635 0.698 0.762 0.810 0.698 0.635 0.683 0.905 0.762 0.635 0.571 0.635 0.683 0.540 0.762 0.905 0.714 0.762 0.571 0.571 0.571 0.794 0.794 0.873 0.794 0.556 0.667 0.794 0.794 0.635 0.619 0.698 0.810 0.714 0.635 0.619 0.667 0.825 0.762 0.619 0.587 0.619 0.667 0.508 0.810 0.825 0.714 0.810 0.556 0.556 0.587 0.778 0.794 0.873 0.778 0.476 0.556 0.746 0.698 0.492 0.524 0.698 0.698 0.635 0.492 0.524 0.556 0.730 0.683 0.524 0.444 0.524 0.556 0.397 0.698 0.730 0.635 0.698 0.476 0.476 0.444 0.651 0.714 0.810 0.651 0.333 0.397 0.651 0.603 0.524 0.270 0.698 0.635 0.619 0.524 0.270 0.397 0.698 0.540 0.270 0.365 0.270 0.397 0.381 0.635 0.698 0.540 0.635 0.333 0.333 0.365 0.587 0.571 0.698 0.587 0.365 0.381 0.667 0.651 0.556 0.397 0.698 0.683 0.667 0.556 0.397 0.381 0.762 0.587 0.397 0.413 0.397 0.381 0.397 0.683 0.762 0.571 0.683 0.365 0.365 0.413 0.619 0.651 0.746 0.619 0.683 0.762 0.873 0.873 0.730 0.698 0.698 0.905 0.825 0.730 0.698 0.762 0.889 0.873 0.698 0.635 0.698 0.762 0.730 0.905 0.889 0.698 0.905 0.683 0.683 0.635 0.857 0.905 0.825 0.857 0.508 0.587 0.778 0.778 0.683 0.540 0.698 0.762 0.762 0.683 0.540 0.587 0.873 0.635 0.540 0.540 0.540 0.587 0.508 0.762 0.873 0.698 0.762 0.508 0.508 0.540 0.762 0.778 0.905 0.762 0.333 0.397 0.651 0.603 0.524 0.270 0.698 0.635 0.619 0.524 0.270 0.397 0.698 0.540 0.270 0.365 0.270 0.397 0.381 0.635 0.698 0.540 0.635 0.333 0.333 0.365 0.587 0.571 0.698 0.587 0.333 0.413 0.619 0.603 0.444 0.365 0.698 0.571 0.587 0.444 0.365 0.413 0.635 0.540 0.365 0.333 0.365 0.413 0.333 0.571 0.635 0.492 0.571 0.333 0.333 0.333 0.587 0.540 0.667 0.587 0.333 0.397 0.651 0.603 0.524 0.270 0.698 0.635 0.619 0.524 0.270 0.397 0.698 0.540 0.270 0.365 0.270 0.397 0.381 0.635 0.698 0.540 0.635 0.333 0.333 0.365 0.587 0.571 0.698 0.587 0.365 0.381 0.667 0.651 0.556 0.397 0.698 0.683 0.667 0.556 0.397 0.381 0.762 0.587 0.397 0.413 0.397 0.381 0.397 0.683 0.762 0.571 0.683 0.365 0.365 0.413 0.619 0.651 0.746 0.619 0.317 0.397 0.651 0.571 0.397 0.381 0.698 0.540 0.508 0.397 0.381 0.397 0.730 0.508 0.381 0.333 0.381 0.397 0.000 0.540 0.730 0.444 0.540 0.317 0.317 0.333 0.571 0.540 0.667 0.571 0.571 0.683 0.810 0.794 0.698 0.635 0.698 0.762 0.810 0.698 0.635 0.683 0.905 0.762 0.635 0.571 0.635 0.683 0.540 0.762 0.905 0.714 0.762 0.571 0.571 0.571 0.794 0.794 0.873 0.794 0.683 0.762 0.873 0.873 0.730 0.698 0.698 0.905 0.825 0.730 0.698 0.762 0.889 0.873 0.698 0.635 0.698 0.762 0.730 0.905 0.889 0.698 0.905 0.683 0.683 0.635 0.857 0.905 0.825 0.857 0.508 0.571 0.714 0.714 0.635 0.540 0.698 0.714 0.714 0.635 0.540 0.571 0.698 0.698 0.540 0.492 0.540 0.571 0.444 0.714 0.698 0.603 0.714 0.508 0.508 0.492 0.714 0.714 0.825 0.714 0.571 0.683 0.810 0.794 0.698 0.635 0.698 0.762 0.810 0.698 0.635 0.683 0.905 0.762 0.635 0.571 0.635 0.683 0.540 0.762 0.905 0.714 0.762 0.571 0.571 0.571 0.794 0.794 0.873 0.794 0.222 0.365 0.587 0.556 0.476 0.333 0.698 0.571 0.556 0.476 0.333 0.365 0.683 0.508 0.333 0.333 0.333 0.365 0.317 0.571 0.683 0.508 0.571 0.222 0.222 0.333 0.556 0.571 0.667 0.556 0.222 0.365 0.587 0.556 0.476 0.333 0.698 0.571 0.556 0.476 0.333 0.365 0.683 0.508 0.333 0.333 0.333 0.365 0.317 0.571 0.683 0.508 0.571 0.222 0.222 0.333 0.556 0.571 0.667 0.556 0.333 0.413 0.619 0.603 0.444 0.365 0.698 0.571 0.587 0.444 0.365 0.413 0.635 0.540 0.365 0.333 0.365 0.413 0.333 0.571 0.635 0.492 0.571 0.333 0.333 0.333 0.587 0.540 0.667 0.587 0.556 0.619 0.778 0.778 0.651 0.587 0.698 0.794 0.778 0.651 0.587 0.619 0.857 0.762 0.587 0.587 0.587 0.619 0.571 0.794 0.857 0.714 0.794 0.556 0.556 0.587 0.683 0.794 0.825 0.683 0.571 0.651 0.825 0.762 0.714 0.571 0.698 0.794 0.794 0.714 0.571 0.651 0.905 0.778 0.571 0.540 0.571 0.651 0.540 0.794 0.905 0.714 0.794 0.571 0.571 0.540 0.794 0.714 0.873 0.794 0.667 0.746 0.857 0.857 0.810 0.698 0.698 0.873 0.873 0.810 0.698 0.746 0.825 0.905 0.698 0.667 0.698 0.746 0.667 0.873 0.825 0.825 0.873 0.667 0.667 0.667 0.825 0.873 0.952 0.825 0.556 0.619 0.778 0.778 0.651 0.587 0.698 0.794 0.778 0.651 0.587 0.619 0.857 0.762 0.587 0.587 0.587 0.619 0.571 0.794 0.857 0.714 0.794 0.556 0.556 0.587 0.683 0.794 0.825 0.683
# levitt con pot
0.184 0.316 0.553 0.500 0.395 0.289 0.711 0.632 0.605 0.395 0.289 0.316 0.579 0.500 0.289 0.263 0.289 0.316 0.395 0.632 0.579 0.474 0.632 0.184 0.184 0.263 0.526 0.526 0.605 0.526 0.316 1.000 0.711 0.605 0.579 0.395 0.711 0.737 0.711 0.579 0.395 1.000 0.711 0.632 0.395 0.395 0.395 1.000 0.579 0.737 0.711 0.579 0.737 0.316 0.316 0.395 0.632 0.711 0.737 0.632 0.553 0.711 0.526 0.526 0.500 0.684 0.711 0.737 0.684 0.500 0.684 0.711 0.553 0.789 0.684 0.500 0.684 0.711 0.711 0.737 0.553 0.500 0.737 0.553 0.553 0.500 0.605 0.684 0.632 0.605 0.500 0.605 0.526 0.579 0.579 0.553 0.711 0.711 0.711 0.579 0.553 0.605 0.605 0.711 0.553 0.421 0.553 0.605 0.658 0.711 0.605 0.474 0.711 0.500 0.500 0.421 0.579 0.632 0.605 0.579 0.395 0.579 0.500 0.579 0.289 0.526 0.711 0.711 0.553 0.289 0.526 0.579 0.447 0.711 0.526 0.316 0.526 0.579 0.553 0.711 0.447 0.447 0.711 0.395 0.395 0.316 0.526 0.605 0.711 0.526 0.289 0.395 0.684 0.553 0.526 0.342 0.711 0.737 0.711 0.526 0.342 0.395 0.684 0.605 0.342 0.342 0.342 0.395 0.500 0.737 0.684 0.553 0.737 0.289 0.289 0.342 0.632 0.684 0.737 0.632 0.711 0.711 0.711 0.711 0.711 0.711 0.711 0.711 0.711 0.711 0.711 0.711 0.711 0.711 0.711 0.711 0.711 0.711 0.711 0.711 0.711 0.711 0.711 0.711 0.711 0.711 0.711 0.711 0.711 0.711 0.632 0.737 0.737 0.711 0.711 0.737 0.711 0.737 0.816 0.711 0.737 0.737 0.868 0.895 0.737 0.605 0.737 0.737 0.684 0.737 0.868 0.684 0.737 0.632 0.632 0.605 0.763 0.842 0.816 0.763 0.605 0.711 0.684 0.711 0.553 0.711 0.711 0.816 0.711 0.553 0.711 0.711 0.658 0.842 0.711 0.553 0.711 0.711 0.684 0.816 0.658 0.605 0.816 0.605 0.605 0.553 0.658 0.763 0.737 0.658 0.395 0.579 0.500 0.579 0.289 0.526 0.711 0.711 0.553 0.289 0.526 0.579 0.447 0.711 0.526 0.316 0.526 0.579 0.553 0.711 0.447 0.447 0.711 0.395 0.395 0.316 0.526 0.605 0.711 0.526 0.289 0.395 0.684 0.553 0.526 0.342 0.711 0.737 0.711 0.526 0.342 0.395 0.684 0.605 0.342 0.342 0.342 0.395 0.500 0.737 0.684 0.553 0.737 0.289 0.289 0.342 0.632 0.684 0.737 0.632 0.316 1.000 0.711 0.605 0.579 0.395 0.711 0.737 0.711 0.579 0.395 1.000 0.711 0.632 0.395 0.395 0.395 1.000 0.579 0.737 0.711 0.579 0.737 0.316 0.316 0.395 0.632 0.711 0.737 0.632 0.579 0.711 0.553 0.605 0.447 0.684 0.711 0.868 0.658 0.447 0.684 0.711 0.737 0.868 0.684 0.447 0.684 0.711 0.737 0.868 0.737 0.316 0.868 0.579 0.579 0.447 0.632 0.737 0.421 0.632 0.500 0.632 0.789 0.711 0.711 0.605 0.711 0.895 0.842 0.711 0.605 0.632 0.868 0.842 0.605 0.526 0.605 0.632 0.789 0.895 0.868 0.763 0.895 0.500 0.500 0.526 0.711 0.868 0.974 0.711 0.289 0.395 0.684 0.553 0.526 0.342 0.711 0.737 0.711 0.526 0.342 0.395 0.684 0.605 0.342 0.342 0.342 0.395 0.500 0.737 0.684 0.553 0.737 0.289 0.289 0.342 0.632 0.684 0.737 0.632 0.263 0.395 0.500 0.421 0.316 0.342 0.711 0.605 0.553 0.316 0.342 0.395 0.447 0.526 0.342 0.289 0.342 0.395 0.500 0.605 0.447 0.342 0.605 0.263 0.263 0.289 0.500 0.447 0.447 0.500 0.289 0.395 0.684 0.553 0.526 0.342 0.711 0.737 0.711 0.526 0.342 0.395 0.684 0.605 0.342 0.342 0.342 0.395 0.500 0.737 0.684 0.553 0.737 0.289 0.289 0.342 0.632 0.684 0.737 0.632 0.316 1.000 0.711 0.605 0.579 0.395 0.711 0.737 0.711 0.579 0.395 1.000 0.711 0.632 0.395 0.395 0.395 1.000 0.579 0.737 0.711 0.579 0.737 0.316 0.316 0.395 0.632 0.711 0.737 0.632 0.395 0.579 0.711 0.658 0.553 0.500 0.711 0.684 0.684 0.553 0.500 0.579 0.737 0.789 0.500 0.500 0.500 0.579 0.000 0.684 0.737 0.711 0.684 0.395 0.395 0.500 0.632 0.711 0.842 0.632 0.632 0.737 0.737 0.711 0.711 0.737 0.711 0.737 0.816 0.711 0.737 0.737 0.868 0.895 0.737 0.605 0.737 0.737 0.684 0.737 0.868 0.684 0.737 0.632 0.632 0.605 0.763 0.842 0.816 0.763 0.579 0.711 0.553 0.605 0.447 0.684 0.711 0.868 0.658 0.447 0.684 0.711 0.737 0.868 0.684 0.447 0.684 0.711 0.737 0.868 0.737 0.316 0.868 0.579 0.579 0.447 0.632 0.737 0.421 0.632 0.474 0.579 0.500 0.474 0.447 0.553 0.711 0.684 0.605 0.447 0.553 0.579 0.316 0.763 0.553 0.342 0.553 0.579 0.711 0.684 0.316 0.474 0.684 0.474 0.474 0.342 0.553 0.658 0.737 0.553 0.632 0.737 0.737 0.711 0.711 0.737 0.711 0.737 0.816 0.711 0.737 0.737 0.868 0.895 0.737 0.605 0.737 0.737 0.684 0.737 0.868 0.684 0.737 0.632 0.632 0.605 0.763 0.842 0.816 0.763 0.184 0.316 0.553 0.500 0.395 0.289 0.711 0.632 0.605 0.395 0.289 0.316 0.579 0.500 0.289 0.263 0.289 0.316 0.395 0.632 0.579 0.474 0.632 0.184 0.184 0.263 0.526 0.526 0.605 0.526 0.184 0.316 0.553 0.500 0.395 0.289 0.711 0.632 0.605 0.395 0.289 0.316 0.579 0.500 0.289 0.263 0.289 0.316 0.395 0.632 0.579 0.474 0.632 0.184 0.184 0.263 0.526 0.526 0.605 0.526 0.263 0.395 0.500 0.421 0.316 0.342 0.711 0.605 0.553 0.316 0.342 0.395 0.447 0.526 0.342 0.289 0.342 0.395 0.500 0.605 0.447 0.342 0.605 0.263 0.263 0.289 0.500 0.447 0.447 0.500 0.526 0.632 0.605 0.579 0.526 0.632 0.711 0.763 0.658 0.526 0.632 0.632 0.632 0.711 0.632 0.500 0.632 0.632 0.632 0.763 0.632 0.553 0.763 0.526 0.526 0.500 0.579 0.711 0.711 0.579 0.526 0.711 0.684 0.632 0.605 0.684 0.711 0.842 0.763 0.605 0.684 0.711 0.737 0.868 0.684 0.447 0.684 0.711 0.711 0.842 0.737 0.658 0.842 0.526 0.526 0.447 0.711 0.737 0.868 0.711 0.605 0.737 0.632 0.605 0.711 0.737 0.711 0.816 0.737 0.711 0.737 0.737 0.421 0.974 0.737 0.447 0.737 0.737 0.842 0.816 0.421 0.737 0.816 0.605 0.605 0.447 0.711 0.868 0.895 0.711 0.526 0.632 0.605 0.579 0.526 0.632 0.711 0.763 0.658 0.526 0.632 0.632 0.632 0.711 0.632 0.500 0.632 0.632 0.632 0.763 0.632 0.553 0.763 0.526 0.526 0.500 0.579 0.711 0.711 0.579
# braun con pot
